387.00 6 3321 45 0 0.00 0.00 1663 0 0 0
199.00 3196 3280 45 0 0.00 0.00 3238 0 0 0
384.00 6 3311 45 0 0.00 0.00 1658 0 0 0
198.00 3200 3322 45 0 0.00 0.00 3261 0 0 0
387.00 6 3324 45 0 0.00 0.00 1665 0 0 0
198.00 3213 3303 45 0 0.00 0.00 3258 0 0 0
386.00 83 92 45 0 0.00 0.00 87 0 0 0
14.00 3192 3299 45 0 0.00 0.00 3245 0 0 0
385.00 5 92 45 0 0.00 0.00 48 0 0 0
9.00 86 3322 45 0 0.00 0.00 1704 0 0 0
203.00 85 88 45 0 0.00 0.00 86 0 0 0
13.00 86 89 45 0 0.00 0.00 87 0 0 0
13.00 85 90 45 0 0.00 0.00 87 0 0 0
14.00 85 88 45 0 0.00 0.00 86 0 0 0
13.00 86 89 45 0 0.00 0.00 87 0 0 0
13.00 85 88 45 0 0.00 0.00 86 0 0 0
14.00 85 89 45 0 0.00 0.00 87 0 0 0
13.00 85 88 45 0 0.00 0.00 86 0 0 0
13.00 86 89 45 0 0.00 0.00 87 0 0 0
14.00 86 89 45 0 0.00 0.00 87 0 0 0
13.00 86 88 45 0 0.00 0.00 87 0 0 0
13.00 85 89 45 0 0.00 0.00 87 0 0 0
14.00 85 89 45 0 0.00 0.00 87 0 0 0
13.00 85 88 45 0 0.00 0.00 86 0 0 0
13.00 85 89 45 0 0.00 0.00 87 0 0 0
13.00 85 89 45 0 0.00 0.00 87 0 0 0
13.00 85 89 45 0 0.00 0.00 87 0 0 0
13.00 86 89 45 0 0.00 0.00 87 0 0 0
13.00 86 89 45 0 0.00 0.00 87 0 0 0
14.00 86 90 45 0 0.00 0.00 88 0 0 0
13.00 86 90 45 0 0.00 0.00 88 0 0 0
13.00 86 89 45 0 0.00 0.00 87 0 0 0
14.00 86 89 45 0 0.00 0.00 87 0 0 0
13.00 85 89 45 0 0.00 0.00 87 0 0 0
13.00 86 89 45 0 0.00 0.00 87 0 0 0
14.00 85 89 45 0 0.00 0.00 87 0 0 0
13.00 85 90 45 0 0.00 0.00 87 0 0 0
13.00 85 90 45 0 0.00 0.00 87 0 0 0
13.00 86 90 45 0 0.00 0.00 88 0 0 0
14.00 86 90 45 0 0.00 0.00 88 0 0 0
13.00 85 89 45 0 0.00 0.00 87 0 0 0
13.00 85 90 45 0 0.00 0.00 87 0 0 0
14.00 85 89 45 0 0.00 0.00 87 0 0 0
13.00 85 90 45 0 0.00 0.00 87 0 0 0
13.00 86 90 45 0 0.00 0.00 88 0 0 0
14.00 84 90 45 0 0.00 0.00 87 0 0 0
13.00 84 89 45 0 0.00 0.00 86 0 0 0
13.00 85 88 45 0 0.00 0.00 86 0 0 0
14.00 84 90 45 0 0.00 0.00 87 0 0 0
13.00 85 90 45 0 0.00 0.00 87 0 0 0
13.00 85 89 45 0 0.00 0.00 87 0 0 0
14.00 85 89 45 0 0.00 0.00 87 0 0 0
13.00 86 90 45 0 0.00 0.00 88 0 0 0
13.00 86 89 45 0 0.00 0.00 87 0 0 0
13.00 85 89 45 0 0.00 0.00 87 0 0 0
14.00 85 89 45 0 0.00 0.00 87 0 0 0
13.00 86 88 45 0 0.00 0.00 87 0 0 0
13.00 85 89 45 0 0.00 0.00 87 0 0 0
14.00 85 90 45 0 0.00 0.00 87 0 0 0
13.00 86 90 45 0 0.00 0.00 88 0 0 0
13.00 85 89 45 0 0.00 0.00 87 0 0 0
14.00 86 90 45 0 0.00 0.00 88 0 0 0
13.00 85 90 45 0 0.00 0.00 87 0 0 0
13.00 85 90 45 0 0.00 0.00 87 0 0 0
14.00 86 90 45 0 0.00 0.00 88 0 0 0
13.00 85 89 45 0 0.00 0.00 87 0 0 0
13.00 85 89 45 0 0.00 0.00 87 0 0 0
14.00 85 90 45 0 0.00 0.00 87 0 0 0
13.00 86 90 45 0 0.00 0.00 88 0 0 0
13.00 86 90 45 0 0.00 0.00 88 0 0 0
13.00 85 90 45 0 0.00 0.00 87 0 0 0
14.00 85 89 45 0 0.00 0.00 87 0 0 0
13.00 86 90 45 0 0.00 0.00 88 0 0 0
13.00 85 89 45 0 0.00 0.00 87 0 0 0
14.00 85 90 45 0 0.00 0.00 87 0 0 0
13.00 86 90 45 0 0.00 0.00 88 0 0 0
13.00 86 90 45 0 0.00 0.00 88 0 0 0
14.00 86 90 45 0 0.00 0.00 88 0 0 0
13.00 86 90 45 0 0.00 0.00 88 0 0 0
13.00 86 89 45 0 0.00 0.00 87 0 0 0
14.00 86 89 45 0 0.00 0.00 87 0 0 0
13.00 86 90 45 0 0.00 0.00 88 0 0 0
13.00 85 91 45 0 0.00 0.00 88 0 0 0
14.00 87 90 45 0 0.00 0.00 88 0 0 0
13.00 86 91 45 0 0.00 0.00 88 0 0 0
13.00 86 91 45 0 0.00 0.00 88 0 0 0
14.00 86 91 45 0 0.00 0.00 88 0 0 0
14.00 86 91 45 0 0.00 0.00 88 0 0 0
13.00 86 90 45 0 0.00 0.00 88 0 0 0
13.00 86 91 45 0 0.00 0.00 88 0 0 0
14.00 86 89 45 0 0.00 0.00 87 0 0 0
13.00 87 90 45 0 0.00 0.00 88 0 0 0
13.00 86 90 45 0 0.00 0.00 88 0 0 0
14.00 86 90 45 0 0.00 0.00 88 0 0 0
13.00 86 90 45 0 0.00 0.00 88 0 0 0
13.00 87 91 45 0 0.00 0.00 89 0 0 0
14.00 87 90 45 0 0.00 0.00 88 0 0 0
13.00 87 90 45 0 0.00 0.00 88 0 0 0
14.00 87 91 45 0 0.00 0.00 89 0 0 0
14.00 87 91 45 0 0.00 0.00 89 0 0 0
13.00 87 91 45 0 0.00 0.00 89 0 0 0
13.00 87 91 45 0 0.00 0.00 89 0 0 0
14.00 86 91 45 0 0.00 0.00 88 0 0 0
13.00 3233 91 45 0 0.00 0.00 1662 0 0 0
198.00 6 94 45 0 0.00 0.00 50 0 0 0
10.00 87 93 45 0 0.00 0.00 90 0 0 0
13.00 87 92 45 0 0.00 0.00 89 0 0 0
14.00 87 92 45 0 0.00 0.00 89 0 0 0
14.00 88 3299 45 0 0.00 0.00 1693 0 0 0
201.00 3213 90 45 0 0.00 0.00 1651 0 0 0
198.00 6 91 45 0 0.00 0.00 48 0 0 0
9.00 85 91 45 0 0.00 0.00 88 0 0 0
14.00 87 90 45 0 0.00 0.00 88 0 0 0
13.00 86 3325 45 0 0.00 0.00 1705 0 0 0
204.00 86 88 45 0 0.00 0.00 87 0 0 0
13.00 85 90 45 0 0.00 0.00 87 0 0 0
13.00 85 90 45 0 0.00 0.00 87 0 0 0
14.00 85 90 45 0 0.00 0.00 87 0 0 0
13.00 85 88 45 0 0.00 0.00 86 0 0 0
13.00 84 89 45 0 0.00 0.00 86 0 0 0
12.00 83 88 45 0 0.00 0.00 85 0 0 0
14.00 84 87 45 0 0.00 0.00 85 0 0 0
13.00 82 88 45 0 0.00 0.00 85 0 0 0
13.00 82 86 45 0 0.00 0.00 84 0 0 0
13.00 82 85 45 0 0.00 0.00 83 0 0 0
13.00 82 84 45 0 0.00 0.00 83 0 0 0
12.00 80 83 45 0 0.00 0.00 81 0 0 0
14.00 79 82 45 0 0.00 0.00 80 0 0 0
12.00 80 81 45 0 0.00 0.00 80 0 0 0
12.00 79 80 45 0 0.00 0.00 79 0 0 0
12.00 78 81 45 0 0.00 0.00 79 0 0 0
13.00 76 79 45 0 0.00 0.00 77 0 0 0
12.00 76 78 45 0 0.00 0.00 77 0 0 0
12.00 74 76 45 0 0.00 0.00 75 0 0 0
13.00 74 76 45 0 0.00 0.00 75 0 0 0
11.00 73 74 45 0 0.00 0.00 73 0 0 0
11.00 72 73 45 0 0.00 0.00 72 0 0 0
12.00 71 72 45 0 0.00 0.00 71 0 0 0
12.00 70 71 45 0 0.00 0.00 70 0 0 0
11.00 69 71 45 0 0.00 0.00 70 0 0 0
11.00 68 70 45 0 0.00 0.00 69 0 0 0
11.00 68 69 45 0 0.00 0.00 68 0 0 0
12.00 66 68 45 0 0.00 0.00 67 0 0 0
10.00 65 67 45 0 0.00 0.00 66 0 0 0
11.00 65 66 45 0 0.00 0.00 65 0 0 0
11.00 63 65 45 0 0.00 0.00 64 0 0 0
11.00 63 65 45 0 0.00 0.00 64 0 0 0
10.00 63 64 45 0 0.00 0.00 63 0 0 0
10.00 61 63 45 0 0.00 0.00 62 0 0 0
10.00 61 62 45 0 0.00 0.00 61 0 0 0
11.00 60 62 45 0 0.00 0.00 61 0 0 0
10.00 59 61 45 0 0.00 0.00 60 0 0 0
10.00 58 60 45 0 0.00 0.00 59 0 0 0
10.00 58 59 45 0 0.00 0.00 58 0 0 0
11.00 57 60 45 0 0.00 0.00 58 0 0 0
9.00 57 58 45 0 0.00 0.00 57 0 0 0
10.00 56 58 45 0 0.00 0.00 57 0 0 0
9.00 56 58 45 0 0.00 0.00 57 0 0 0
11.00 55 57 45 0 0.00 0.00 56 0 0 0
9.00 55 56 45 0 0.00 0.00 55 0 0 0
9.00 55 56 45 0 0.00 0.00 55 0 0 0
10.00 54 55 45 0 0.00 0.00 54 0 0 0
9.00 54 56 45 0 0.00 0.00 55 0 0 0
10.00 53 55 45 0 0.00 0.00 54 0 0 0
9.00 53 54 45 0 0.00 0.00 53 0 0 0
9.00 53 54 45 0 0.00 0.00 53 0 0 0
10.00 53 54 45 0 0.00 0.00 53 0 0 0
10.00 52 53 45 0 0.00 0.00 52 0 0 0
9.00 52 53 45 0 0.00 0.00 52 0 0 0
9.00 51 53 45 0 0.00 0.00 52 0 0 0
8.00 51 53 45 0 0.00 0.00 52 0 0 0
9.00 51 52 45 0 0.00 0.00 51 0 0 0
10.00 50 52 45 0 0.00 0.00 51 0 0 0
9.00 50 52 45 0 0.00 0.00 51 0 0 0
9.00 50 51 45 0 0.00 0.00 50 0 0 0
8.00 50 51 45 0 0.00 0.00 50 0 0 0
9.00 49 51 45 0 0.00 0.00 50 0 0 0
10.00 50 50 45 0 0.00 0.00 50 0 0 0
8.00 50 50 45 0 0.00 0.00 50 0 0 0
9.00 48 49 45 0 0.00 0.00 48 0 0 0
9.00 48 50 45 0 0.00 0.00 49 0 0 0
9.00 48 49 45 0 0.00 0.00 48 0 0 0
9.00 48 49 45 0 0.00 0.00 48 0 0 0
8.00 48 49 45 0 0.00 0.00 48 0 0 0
9.00 49 49 45 0 0.00 0.00 49 0 0 0
9.00 48 49 45 0 0.00 0.00 48 0 0 0
10.00 48 48 45 0 0.00 0.00 48 0 0 0
10.00 48 48 45 0 0.00 0.00 48 0 0 0
9.00 48 48 45 0 0.00 0.00 48 0 0 0
9.00 48 48 45 0 0.00 0.00 48 0 0 0
9.00 48 48 45 0 0.00 0.00 48 0 0 0
10.00 48 48 45 0 0.00 0.00 48 0 0 0
10.00 48 48 45 0 0.00 0.00 48 0 0 0
9.00 48 47 45 0 0.00 0.00 47 0 0 0
9.00 48 47 45 0 0.00 0.00 47 0 0 0
10.00 47 47 45 0 0.00 0.00 47 0 0 0
10.00 48 47 45 0 0.00 0.00 47 0 0 0
9.00 48 47 45 0 0.00 0.00 47 0 0 0
9.00 47 47 45 0 0.00 0.00 47 0 0 0
10.00 47 47 45 0 0.00 0.00 47 0 0 0
10.00 48 47 45 0 0.00 0.00 47 0 0 0
9.00 47 46 45 0 0.00 0.00 46 0 0 0
9.00 47 46 45 0 0.00 0.00 46 0 0 0
10.00 47 46 45 0 0.00 0.00 46 0 0 0
10.00 47 46 45 0 0.00 0.00 46 0 0 0
9.00 47 46 45 0 0.00 0.00 46 0 0 0
10.00 47 46 45 0 0.00 0.00 46 0 0 0
9.00 47 46 45 0 0.00 0.00 46 0 0 0
9.00 47 46 45 0 0.00 0.00 46 0 0 0
10.00 47 46 45 0 0.00 0.00 46 0 0 0
10.00 47 46 45 0 0.00 0.00 46 0 0 0
9.00 47 46 45 0 0.00 0.00 46 0 0 0
9.00 47 46 45 0 0.00 0.00 46 0 0 0
10.00 47 46 45 0 0.00 0.00 46 0 0 0
10.00 47 46 45 0 0.00 0.00 46 0 0 0
9.00 47 46 45 0 0.00 0.00 46 0 0 0
9.00 47 46 45 0 0.00 0.00 46 0 0 0
9.00 47 46 45 0 0.00 0.00 46 0 0 0
10.00 46 46 45 0 0.00 0.00 46 0 0 0
10.00 47 46 45 0 0.00 0.00 46 0 0 0
9.00 47 46 45 0 0.00 0.00 46 0 0 0
9.00 47 46 45 0 0.00 0.00 46 0 0 0
11.00 47 46 45 0 0.00 0.00 46 0 0 0
9.00 47 46 45 0 0.00 0.00 46 0 0 0
9.00 47 46 45 0 0.00 0.00 46 0 0 0
9.00 46 46 45 0 0.00 0.00 46 0 0 0
9.00 47 46 45 0 0.00 0.00 46 0 0 0
11.00 47 46 45 0 0.00 0.00 46 0 0 0
9.00 47 46 45 0 0.00 0.00 46 0 0 0
9.00 46 46 45 0 0.00 0.00 46 0 0 0
9.00 47 46 45 0 0.00 0.00 46 0 0 0
10.00 47 45 45 0 0.00 0.00 46 0 0 0
10.00 47 46 45 0 0.00 0.00 46 0 0 0
9.00 46 46 45 0 0.00 0.00 46 0 0 0
9.00 46 46 45 0 0.00 0.00 46 0 0 0
9.00 46 45 45 0 0.00 0.00 45 0 0 0
11.00 46 45 45 0 0.00 0.00 45 0 0 0
9.00 46 45 45 0 0.00 0.00 45 0 0 0
9.00 46 46 45 0 0.00 0.00 46 0 0 0
9.00 46 46 45 0 0.00 0.00 46 0 0 0
10.00 46 45 45 0 0.00 0.00 45 0 0 0
10.00 46 45 45 0 0.00 0.00 45 0 0 0
9.00 46 46 45 0 0.00 0.00 46 0 0 0
9.00 46 46 45 0 0.00 0.00 46 0 0 0
9.00 46 45 45 0 0.00 0.00 45 0 0 0
11.00 46 45 45 0 0.00 0.00 45 0 0 0
9.00 47 45 45 0 0.00 0.00 46 0 0 0
9.00 46 46 45 0 0.00 0.00 46 0 0 0
9.00 46 46 45 0 0.00 0.00 46 0 0 0
10.00 46 45 45 0 0.00 0.00 45 0 0 0
10.00 46 46 45 0 0.00 0.00 46 0 0 0
9.00 46 46 45 0 0.00 0.00 46 0 0 0
9.00 47 46 45 0 0.00 0.00 46 0 0 0
9.00 47 46 45 0 0.00 0.00 46 0 0 0
11.00 47 46 45 0 0.00 0.00 46 0 0 0
9.00 46 46 45 0 0.00 0.00 46 0 0 0
9.00 47 46 45 0 0.00 0.00 46 0 0 0
9.00 47 46 45 0 0.00 0.00 46 0 0 0
10.00 47 46 45 0 0.00 0.00 46 0 0 0
10.00 46 46 45 0 0.00 0.00 46 0 0 0
9.00 46 46 45 0 0.00 0.00 46 0 0 0
9.00 47 46 45 0 0.00 0.00 46 0 0 0
9.00 47 46 45 0 0.00 0.00 46 0 0 0
11.00 46 46 45 0 0.00 0.00 46 0 0 0
9.00 46 46 45 0 0.00 0.00 46 0 0 0
9.00 47 46 45 0 0.00 0.00 46 0 0 0
9.00 47 46 45 0 0.00 0.00 46 0 0 0
10.00 47 46 45 0 0.00 0.00 46 0 0 0
10.00 47 46 45 0 0.00 0.00 46 0 0 0
9.00 47 46 45 0 0.00 0.00 46 0 0 0
9.00 47 46 45 0 0.00 0.00 46 0 0 0
10.00 47 46 45 0 0.00 0.00 46 0 0 0
10.00 47 46 45 0 0.00 0.00 46 0 0 0
9.00 47 46 45 0 0.00 0.00 46 0 0 0
9.00 47 46 45 0 0.00 0.00 46 0 0 0
10.00 47 46 45 0 0.00 0.00 46 0 0 0
10.00 47 46 45 0 0.00 0.00 46 0 0 0
9.00 47 46 45 0 0.00 0.00 46 0 0 0
10.00 47 46 45 0 0.00 0.00 46 0 0 0
9.00 47 46 45 0 0.00 0.00 46 0 0 0
9.00 47 46 45 0 0.00 0.00 46 0 0 0
10.00 47 47 45 0 0.00 0.00 47 0 0 0
10.00 47 47 45 0 0.00 0.00 47 0 0 0
9.00 47 46 45 0 0.00 0.00 46 0 0 0
9.00 47 46 45 0 0.00 0.00 46 0 0 0
10.00 47 46 45 0 0.00 0.00 46 0 0 0
10.00 47 47 45 0 0.00 0.00 47 0 0 0
9.00 47 47 45 0 0.00 0.00 47 0 0 0
9.00 47 46 45 0 0.00 0.00 46 0 0 0
9.00 47 46 45 0 0.00 0.00 46 0 0 0
10.00 47 46 45 0 0.00 0.00 46 0 0 0
10.00 47 47 45 0 0.00 0.00 47 0 0 0
9.00 47 46 45 0 0.00 0.00 46 0 0 0
9.00 47 46 45 0 0.00 0.00 46 0 0 0
11.00 47 46 45 0 0.00 0.00 46 0 0 0
9.00 47 47 45 0 0.00 0.00 47 0 0 0
9.00 47 46 45 0 0.00 0.00 46 0 0 0
9.00 47 47 45 0 0.00 0.00 47 0 0 0
9.00 47 47 45 0 0.00 0.00 47 0 0 0
10.00 47 46 45 0 0.00 0.00 46 0 0 0
10.00 47 46 45 0 0.00 0.00 46 0 0 0
9.00 47 46 45 0 0.00 0.00 46 0 0 0
9.00 47 46 45 0 0.00 0.00 46 0 0 0
11.00 47 47 45 0 0.00 0.00 47 0 0 0
9.00 47 46 45 0 0.00 0.00 46 0 0 0
9.00 47 46 45 0 0.00 0.00 46 0 0 0
9.00 47 47 45 0 0.00 0.00 47 0 0 0
9.00 47 47 45 0 0.00 0.00 47 0 0 0
11.00 47 46 45 0 0.00 0.00 46 0 0 0
9.00 47 46 45 0 0.00 0.00 46 0 0 0
9.00 47 46 45 0 0.00 0.00 46 0 0 0
9.00 47 46 45 0 0.00 0.00 46 0 0 0
10.00 47 46 45 0 0.00 0.00 46 0 0 0
10.00 47 46 45 0 0.00 0.00 46 0 0 0
9.00 47 46 45 0 0.00 0.00 46 0 0 0
9.00 47 46 45 0 0.00 0.00 46 0 0 0
9.00 47 46 45 0 0.00 0.00 46 0 0 0
11.00 47 46 45 0 0.00 0.00 46 0 0 0
9.00 47 46 45 0 0.00 0.00 46 0 0 0
9.00 47 47 45 0 0.00 0.00 47 0 0 0
9.00 47 46 45 0 0.00 0.00 46 0 0 0
10.00 47 46 45 0 0.00 0.00 46 0 0 0
10.00 47 46 45 0 0.00 0.00 46 0 0 0
9.00 47 46 45 0 0.00 0.00 46 0 0 0
9.00 47 46 45 0 0.00 0.00 46 0 0 0
9.00 47 46 45 0 0.00 0.00 46 0 0 0
11.00 47 46 45 0 0.00 0.00 46 0 0 0
9.00 47 46 45 0 0.00 0.00 46 0 0 0
9.00 47 47 45 0 0.00 0.00 47 0 0 0
9.00 47 47 45 0 0.00 0.00 47 0 0 0
9.00 47 46 45 0 0.00 0.00 46 0 0 0
11.00 47 46 45 0 0.00 0.00 46 0 0 0
9.00 47 46 45 0 0.00 0.00 46 0 0 0
9.00 47 47 45 0 0.00 0.00 47 0 0 0
9.00 47 47 45 0 0.00 0.00 47 0 0 0
10.00 46 46 45 0 0.00 0.00 46 0 0 0
10.00 47 46 45 0 0.00 0.00 46 0 0 0
9.00 47 46 45 0 0.00 0.00 46 0 0 0
9.00 47 46 45 0 0.00 0.00 46 0 0 0
9.00 47 47 45 0 0.00 0.00 47 0 0 0
11.00 47 46 45 0 0.00 0.00 46 0 0 0
9.00 47 47 45 0 0.00 0.00 47 0 0 0
9.00 47 47 45 0 0.00 0.00 47 0 0 0
9.00 47 47 45 0 0.00 0.00 47 0 0 0
10.00 47 47 45 0 0.00 0.00 47 0 0 0
10.00 47 46 45 0 0.00 0.00 46 0 0 0
9.00 47 46 45 0 0.00 0.00 46 0 0 0
9.00 47 46 45 0 0.00 0.00 46 0 0 0
9.00 47 46 45 0 0.00 0.00 46 0 0 0
11.00 46 47 45 0 0.00 0.00 46 0 0 0
9.00 47 46 45 0 0.00 0.00 46 0 0 0
9.00 46 46 45 0 0.00 0.00 46 0 0 0
9.00 46 46 45 0 0.00 0.00 46 0 0 0
10.00 46 47 45 0 0.00 0.00 46 0 0 0
10.00 46 46 45 0 0.00 0.00 46 0 0 0
9.00 47 46 45 0 0.00 0.00 46 0 0 0
9.00 46 46 45 0 0.00 0.00 46 0 0 0
9.00 47 46 45 0 0.00 0.00 46 0 0 0
11.00 46 47 45 0 0.00 0.00 46 0 0 0
9.00 46 46 45 0 0.00 0.00 46 0 0 0
9.00 47 46 45 0 0.00 0.00 46 0 0 0
9.00 47 46 45 0 0.00 0.00 46 0 0 0
10.00 46 46 45 0 0.00 0.00 46 0 0 0
10.00 47 47 45 0 0.00 0.00 47 0 0 0
9.00 46 46 45 0 0.00 0.00 46 0 0 0
9.00 46 46 45 0 0.00 0.00 46 0 0 0
9.00 46 46 45 0 0.00 0.00 46 0 0 0
11.00 47 46 45 0 0.00 0.00 46 0 0 0
9.00 47 46 45 0 0.00 0.00 46 0 0 0
9.00 46 46 45 0 0.00 0.00 46 0 0 0
9.00 46 46 45 0 0.00 0.00 46 0 0 0
10.00 47 47 45 0 0.00 0.00 47 0 0 0
10.00 47 46 45 0 0.00 0.00 46 0 0 0
9.00 46 47 45 0 0.00 0.00 46 0 0 0
9.00 47 47 45 0 0.00 0.00 47 0 0 0
10.00 47 47 45 0 0.00 0.00 47 0 0 0
10.00 47 47 45 0 0.00 0.00 47 0 0 0
9.00 46 46 45 0 0.00 0.00 46 0 0 0
9.00 46 46 45 0 0.00 0.00 46 0 0 0
10.00 47 46 45 0 0.00 0.00 46 0 0 0
10.00 47 46 45 0 0.00 0.00 46 0 0 0
9.00 46 47 45 0 0.00 0.00 46 0 0 0
10.00 47 46 45 0 0.00 0.00 46 0 0 0
9.00 47 46 45 0 0.00 0.00 46 0 0 0
9.00 46 46 45 0 0.00 0.00 46 0 0 0
10.00 47 46 45 0 0.00 0.00 46 0 0 0
10.00 46 46 45 0 0.00 0.00 46 0 0 0
9.00 46 46 45 0 0.00 0.00 46 0 0 0
9.00 46 46 45 0 0.00 0.00 46 0 0 0
10.00 47 46 45 0 0.00 0.00 46 0 0 0
10.00 47 46 45 0 0.00 0.00 46 0 0 0
9.00 47 46 45 0 0.00 0.00 46 0 0 0
9.00 47 46 45 0 0.00 0.00 46 0 0 0
9.00 47 46 45 0 0.00 0.00 46 0 0 0
10.00 47 46 45 0 0.00 0.00 46 0 0 0
10.00 47 46 45 0 0.00 0.00 46 0 0 0
9.00 46 46 45 0 0.00 0.00 46 0 0 0
9.00 46 46 45 0 0.00 0.00 46 0 0 0
11.00 46 46 45 0 0.00 0.00 46 0 0 0
9.00 46 46 45 0 0.00 0.00 46 0 0 0
9.00 46 46 45 0 0.00 0.00 46 0 0 0
9.00 47 46 45 0 0.00 0.00 46 0 0 0
9.00 46 46 45 0 0.00 0.00 46 0 0 0
11.00 46 46 45 0 0.00 0.00 46 0 0 0
9.00 46 46 45 0 0.00 0.00 46 0 0 0
9.00 46 46 45 0 0.00 0.00 46 0 0 0
9.00 46 46 45 0 0.00 0.00 46 0 0 0
10.00 46 46 45 0 0.00 0.00 46 0 0 0
10.00 46 46 45 0 0.00 0.00 46 0 0 0
9.00 47 46 45 0 0.00 0.00 46 0 0 0
9.00 47 46 45 0 0.00 0.00 46 0 0 0
9.00 47 46 45 0 0.00 0.00 46 0 0 0
11.00 47 46 45 0 0.00 0.00 46 0 0 0
9.00 47 46 45 0 0.00 0.00 46 0 0 0
9.00 47 46 45 0 0.00 0.00 46 0 0 0
9.00 47 46 45 0 0.00 0.00 46 0 0 0
10.00 46 46 45 0 0.00 0.00 46 0 0 0
10.00 46 46 45 0 0.00 0.00 46 0 0 0
9.00 46 46 45 0 0.00 0.00 46 0 0 0
9.00 47 46 45 0 0.00 0.00 46 0 0 0
9.00 47 46 45 0 0.00 0.00 46 0 0 0
11.00 46 46 45 0 0.00 0.00 46 0 0 0
9.00 47 46 45 0 0.00 0.00 46 0 0 0
9.00 46 46 45 0 0.00 0.00 46 0 0 0
9.00 47 46 45 0 0.00 0.00 46 0 0 0
10.00 47 46 45 0 0.00 0.00 46 0 0 0
10.00 47 46 45 0 0.00 0.00 46 0 0 0
9.00 47 46 45 0 0.00 0.00 46 0 0 0
9.00 47 46 45 0 0.00 0.00 46 0 0 0
9.00 46 46 45 0 0.00 0.00 46 0 0 0
11.00 46 47 45 0 0.00 0.00 46 0 0 0
9.00 46 46 45 0 0.00 0.00 46 0 0 0
9.00 47 46 45 0 0.00 0.00 46 0 0 0
9.00 46 46 45 0 0.00 0.00 46 0 0 0
10.00 47 46 45 0 0.00 0.00 46 0 0 0
10.00 46 46 45 0 0.00 0.00 46 0 0 0
9.00 47 46 45 0 0.00 0.00 46 0 0 0
9.00 46 46 45 0 0.00 0.00 46 0 0 0
9.00 47 46 45 0 0.00 0.00 46 0 0 0
11.00 46 46 45 0 0.00 0.00 46 0 0 0
9.00 46 46 45 0 0.00 0.00 46 0 0 0
9.00 47 46 45 0 0.00 0.00 46 0 0 0
9.00 46 46 45 0 0.00 0.00 46 0 0 0
10.00 46 46 45 0 0.00 0.00 46 0 0 0
10.00 47 47 45 0 0.00 0.00 47 0 0 0
9.00 47 46 45 0 0.00 0.00 46 0 0 0
9.00 47 46 45 0 0.00 0.00 46 0 0 0
10.00 46 47 45 0 0.00 0.00 46 0 0 0
10.00 47 46 45 0 0.00 0.00 46 0 0 0
9.00 47 46 45 0 0.00 0.00 46 0 0 0
9.00 47 46 45 0 0.00 0.00 46 0 0 0
10.00 47 46 45 0 0.00 0.00 46 0 0 0
10.00 47 46 45 0 0.00 0.00 46 0 0 0
9.00 47 46 45 0 0.00 0.00 46 0 0 0
10.00 47 46 45 0 0.00 0.00 46 0 0 0
9.00 47 47 45 0 0.00 0.00 47 0 0 0
9.00 47 47 45 0 0.00 0.00 47 0 0 0
10.00 47 47 45 0 0.00 0.00 47 0 0 0
10.00 47 46 45 0 0.00 0.00 46 0 0 0
9.00 47 46 45 0 0.00 0.00 46 0 0 0
9.00 47 47 45 0 0.00 0.00 47 0 0 0
10.00 47 46 45 0 0.00 0.00 46 0 0 0
10.00 47 47 45 0 0.00 0.00 47 0 0 0
9.00 47 47 45 0 0.00 0.00 47 0 0 0
9.00 47 46 45 0 0.00 0.00 46 0 0 0
9.00 47 46 45 0 0.00 0.00 46 0 0 0
10.00 47 46 45 0 0.00 0.00 46 0 0 0
10.00 47 46 45 0 0.00 0.00 46 0 0 0
9.00 47 46 45 0 0.00 0.00 46 0 0 0
9.00 47 46 45 0 0.00 0.00 46 0 0 0
11.00 47 46 45 0 0.00 0.00 46 0 0 0
9.00 47 46 45 0 0.00 0.00 46 0 0 0
9.00 47 47 45 0 0.00 0.00 47 0 0 0
9.00 47 47 45 0 0.00 0.00 47 0 0 0
9.00 47 47 45 0 0.00 0.00 47 0 0 0
10.00 47 47 45 0 0.00 0.00 47 0 0 0
10.00 47 47 45 0 0.00 0.00 47 0 0 0
9.00 47 47 45 0 0.00 0.00 47 0 0 0
9.00 47 47 45 0 0.00 0.00 47 0 0 0
11.00 47 47 45 0 0.00 0.00 47 0 0 0
9.00 47 46 45 0 0.00 0.00 46 0 0 0
9.00 47 47 45 0 0.00 0.00 47 0 0 0
9.00 47 47 45 0 0.00 0.00 47 0 0 0
9.00 47 47 45 0 0.00 0.00 47 0 0 0
11.00 47 47 45 0 0.00 0.00 47 0 0 0
9.00 47 47 45 0 0.00 0.00 47 0 0 0
9.00 47 47 45 0 0.00 0.00 47 0 0 0
9.00 46 46 45 0 0.00 0.00 46 0 0 0
10.00 47 47 45 0 0.00 0.00 47 0 0 0
10.00 47 47 45 0 0.00 0.00 47 0 0 0
9.00 47 47 45 0 0.00 0.00 47 0 0 0
9.00 46 46 45 0 0.00 0.00 46 0 0 0
9.00 47 47 45 0 0.00 0.00 47 0 0 0
11.00 47 47 45 0 0.00 0.00 47 0 0 0
9.00 47 46 45 0 0.00 0.00 46 0 0 0
9.00 47 47 45 0 0.00 0.00 47 0 0 0
9.00 47 47 45 0 0.00 0.00 47 0 0 0
10.00 47 47 45 0 0.00 0.00 47 0 0 0
10.00 47 47 45 0 0.00 0.00 47 0 0 0
9.00 47 47 45 0 0.00 0.00 47 0 0 0
9.00 47 46 45 0 0.00 0.00 46 0 0 0
9.00 47 46 45 0 0.00 0.00 46 0 0 0
11.00 47 46 45 0 0.00 0.00 46 0 0 0
9.00 47 46 45 0 0.00 0.00 46 0 0 0
9.00 47 47 45 0 0.00 0.00 47 0 0 0
9.00 46 46 45 0 0.00 0.00 46 0 0 0
9.00 46 46 45 0 0.00 0.00 46 0 0 0
11.00 46 46 45 0 0.00 0.00 46 0 0 0
9.00 47 46 45 0 0.00 0.00 46 0 0 0
9.00 47 47 45 0 0.00 0.00 47 0 0 0
9.00 46 47 45 0 0.00 0.00 46 0 0 0
10.00 46 46 45 0 0.00 0.00 46 0 0 0
10.00 47 46 45 0 0.00 0.00 46 0 0 0
9.00 47 47 45 0 0.00 0.00 47 0 0 0
9.00 47 46 45 0 0.00 0.00 46 0 0 0
9.00 47 46 45 0 0.00 0.00 46 0 0 0
11.00 47 46 45 0 0.00 0.00 46 0 0 0
9.00 47 46 45 0 0.00 0.00 46 0 0 0
9.00 47 47 45 0 0.00 0.00 47 0 0 0
9.00 47 46 45 0 0.00 0.00 46 0 0 0
10.00 47 46 45 0 0.00 0.00 46 0 0 0
10.00 47 46 45 0 0.00 0.00 46 0 0 0
9.00 47 47 45 0 0.00 0.00 47 0 0 0
9.00 46 46 45 0 0.00 0.00 46 0 0 0
9.00 47 46 45 0 0.00 0.00 46 0 0 0
11.00 46 46 45 0 0.00 0.00 46 0 0 0
9.00 47 46 45 0 0.00 0.00 46 0 0 0
9.00 46 46 45 0 0.00 0.00 46 0 0 0
9.00 46 47 45 0 0.00 0.00 46 0 0 0
10.00 46 46 45 0 0.00 0.00 46 0 0 0
10.00 47 46 45 0 0.00 0.00 46 0 0 0
9.00 46 46 45 0 0.00 0.00 46 0 0 0
9.00 46 46 45 0 0.00 0.00 46 0 0 0
9.00 46 46 45 0 0.00 0.00 46 0 0 0
11.00 46 45 45 0 0.00 0.00 45 0 0 0
9.00 46 46 45 0 0.00 0.00 46 0 0 0
9.00 46 46 45 0 0.00 0.00 46 0 0 0
9.00 46 46 45 0 0.00 0.00 46 0 0 0
10.00 46 46 45 0 0.00 0.00 46 0 0 0
10.00 46 45 45 0 0.00 0.00 45 0 0 0
9.00 46 46 45 0 0.00 0.00 46 0 0 0
9.00 46 45 45 0 0.00 0.00 45 0 0 0
9.00 45 45 45 0 0.00 0.00 45 0 0 0
11.00 46 45 45 0 0.00 0.00 45 0 0 0
9.00 45 45 45 0 0.00 0.00 45 0 0 0
9.00 45 45 45 0 0.00 0.00 45 0 0 0
9.00 45 45 45 0 0.00 0.00 45 0 0 0
10.00 45 45 45 0 0.00 0.00 45 0 0 0
10.00 45 45 45 0 0.00 0.00 45 0 0 0
9.00 45 45 45 0 0.00 0.00 45 0 0 0
9.00 45 45 45 0 0.00 0.00 45 0 0 0
10.00 45 45 45 0 0.00 0.00 45 0 0 0
10.00 45 44 45 0 0.00 0.00 44 0 0 0
9.00 45 44 45 0 0.00 0.00 44 0 0 0
9.00 44 44 45 0 0.00 0.00 44 0 0 0
10.00 45 45 45 0 0.00 0.00 45 0 0 0
10.00 44 44 45 0 0.00 0.00 44 0 0 0
9.00 44 44 45 0 0.00 0.00 44 0 0 0
10.00 44 44 45 0 0.00 0.00 44 0 0 0
9.00 44 44 45 0 0.00 0.00 44 0 0 0
9.00 44 44 45 0 0.00 0.00 44 0 0 0
10.00 44 43 45 0 0.00 0.00 43 0 0 0
10.00 43 43 45 0 0.00 0.00 43 0 0 0
9.00 44 44 45 0 0.00 0.00 44 0 0 0
9.00 43 43 45 0 0.00 0.00 43 0 0 0
10.00 43 43 45 0 0.00 0.00 43 0 0 0
10.00 43 43 45 0 0.00 0.00 43 0 0 0
9.00 43 43 45 0 0.00 0.00 43 0 0 0
9.00 43 42 45 0 0.00 0.00 42 0 0 0
9.00 43 42 45 0 0.00 0.00 42 0 0 0
10.00 42 42 45 0 0.00 0.00 42 0 0 0
10.00 42 42 45 0 0.00 0.00 42 0 0 0
9.00 42 42 45 0 0.00 0.00 42 0 0 0
9.00 42 42 45 0 0.00 0.00 42 0 0 0
11.00 42 42 45 0 0.00 0.00 42 0 0 0
9.00 42 41 45 0 0.00 0.00 41 0 0 0
9.00 42 42 45 0 0.00 0.00 42 0 0 0
9.00 42 41 45 0 0.00 0.00 41 0 0 0
9.00 42 41 45 0 0.00 0.00 41 0 0 0
11.00 41 41 45 0 0.00 0.00 41 0 0 0
9.00 41 41 45 0 0.00 0.00 41 0 0 0
9.00 41 41 45 0 0.00 0.00 41 0 0 0
9.00 41 41 45 0 0.00 0.00 41 0 0 0
10.00 41 40 45 0 0.00 0.00 40 0 0 0
10.00 41 40 45 0 0.00 0.00 40 0 0 0
9.00 41 40 45 0 0.00 0.00 40 0 0 0
9.00 41 40 45 0 0.00 0.00 40 0 0 0
9.00 41 40 45 0 0.00 0.00 40 0 0 0
11.00 41 40 45 0 0.00 0.00 40 0 0 0
9.00 40 39 45 0 0.00 0.00 39 0 0 0
9.00 40 39 45 0 0.00 0.00 39 0 0 0
9.00 40 40 45 0 0.00 0.00 40 0 0 0
10.00 40 39 45 0 0.00 0.00 39 0 0 0
10.00 40 39 45 0 0.00 0.00 39 0 0 0
9.00 40 39 45 0 0.00 0.00 39 0 0 0
9.00 39 39 45 0 0.00 0.00 39 0 0 0
9.00 39 39 45 0 0.00 0.00 39 0 0 0
11.00 40 39 45 0 0.00 0.00 39 0 0 0
9.00 39 38 45 0 0.00 0.00 38 0 0 0
9.00 39 39 45 0 0.00 0.00 39 0 0 0
9.00 39 38 45 0 0.00 0.00 38 0 0 0
10.00 38 38 45 0 0.00 0.00 38 0 0 0
10.00 39 38 45 0 0.00 0.00 38 0 0 0
9.00 38 38 45 0 0.00 0.00 38 0 0 0
9.00 38 38 45 0 0.00 0.00 38 0 0 0
9.00 38 38 45 0 0.00 0.00 38 0 0 0
11.00 38 38 45 0 0.00 0.00 38 0 0 0
9.00 38 37 45 0 0.00 0.00 37 0 0 0
9.00 38 37 45 0 0.00 0.00 37 0 0 0
9.00 38 37 45 0 0.00 0.00 37 0 0 0
10.00 37 37 45 0 0.00 0.00 37 0 0 0
10.00 38 37 45 0 0.00 0.00 37 0 0 0
9.00 38 37 45 0 0.00 0.00 37 0 0 0
9.00 38 37 45 0 0.00 0.00 37 0 0 0
9.00 37 37 45 0 0.00 0.00 37 0 0 0
11.00 37 37 45 0 0.00 0.00 37 0 0 0
9.00 37 37 45 0 0.00 0.00 37 0 0 0
9.00 37 36 45 0 0.00 0.00 36 0 0 0
9.00 37 36 45 0 0.00 0.00 36 0 0 0
10.00 37 36 45 0 0.00 0.00 36 0 0 0
10.00 36 36 45 0 0.00 0.00 36 0 0 0
9.00 37 36 45 0 0.00 0.00 36 0 0 0
9.00 37 36 45 0 0.00 0.00 36 0 0 0
10.00 37 36 45 0 0.00 0.00 36 0 0 0
10.00 37 36 45 0 0.00 0.00 36 0 0 0
9.00 37 36 45 0 0.00 0.00 36 0 0 0
9.00 37 36 45 0 0.00 0.00 36 0 0 0
10.00 37 36 45 0 0.00 0.00 36 0 0 0
10.00 36 36 45 0 0.00 0.00 36 0 0 0
9.00 37 35 45 0 0.00 0.00 36 0 0 0
10.00 37 35 45 0 0.00 0.00 36 0 0 0
9.00 37 35 45 0 0.00 0.00 36 0 0 0
9.00 36 35 45 0 0.00 0.00 35 0 0 0
10.00 36 35 45 0 0.00 0.00 35 0 0 0
10.00 36 35 45 0 0.00 0.00 35 0 0 0
9.00 36 35 45 0 0.00 0.00 35 0 0 0
9.00 36 36 45 0 0.00 0.00 36 0 0 0
10.00 36 35 45 0 0.00 0.00 35 0 0 0
10.00 36 35 45 0 0.00 0.00 35 0 0 0
9.00 36 35 45 0 0.00 0.00 35 0 0 0
9.00 36 35 45 0 0.00 0.00 35 0 0 0
9.00 36 35 45 0 0.00 0.00 35 0 0 0
10.00 36 35 45 0 0.00 0.00 35 0 0 0
10.00 36 35 45 0 0.00 0.00 35 0 0 0
9.00 36 35 45 0 0.00 0.00 35 0 0 0
9.00 36 35 45 0 0.00 0.00 35 0 0 0
11.00 36 35 45 0 0.00 0.00 35 0 0 0
9.00 36 35 45 0 0.00 0.00 35 0 0 0
9.00 36 35 45 0 0.00 0.00 35 0 0 0
9.00 36 35 45 0 0.00 0.00 35 0 0 0
9.00 35 35 45 0 0.00 0.00 35 0 0 0
10.00 36 35 45 0 0.00 0.00 35 0 0 0
10.00 36 35 45 0 0.00 0.00 35 0 0 0
9.00 36 35 45 0 0.00 0.00 35 0 0 0
9.00 35 35 45 0 0.00 0.00 35 0 0 0
11.00 36 35 45 0 0.00 0.00 35 0 0 0
9.00 36 35 45 0 0.00 0.00 35 0 0 0
9.00 36 34 45 0 0.00 0.00 35 0 0 0
9.00 36 34 45 0 0.00 0.00 35 0 0 0
9.00 35 34 45 0 0.00 0.00 34 0 0 0
11.00 36 34 45 0 0.00 0.00 35 0 0 0
9.00 36 35 45 0 0.00 0.00 35 0 0 0
9.00 35 35 45 0 0.00 0.00 35 0 0 0
9.00 36 34 45 0 0.00 0.00 35 0 0 0
10.00 35 34 45 0 0.00 0.00 34 0 0 0
10.00 36 34 45 0 0.00 0.00 35 0 0 0
9.00 36 34 45 0 0.00 0.00 35 0 0 0
9.00 36 35 45 0 0.00 0.00 35 0 0 0
9.00 35 34 45 0 0.00 0.00 34 0 0 0
11.00 36 34 45 0 0.00 0.00 35 0 0 0
9.00 36 35 45 0 0.00 0.00 35 0 0 0
9.00 36 35 45 0 0.00 0.00 35 0 0 0
9.00 36 35 45 0 0.00 0.00 35 0 0 0
10.00 35 34 45 0 0.00 0.00 34 0 0 0
10.00 36 34 45 0 0.00 0.00 35 0 0 0
9.00 36 34 45 0 0.00 0.00 35 0 0 0
9.00 36 34 45 0 0.00 0.00 35 0 0 0
9.00 36 35 45 0 0.00 0.00 35 0 0 0
11.00 36 34 45 0 0.00 0.00 35 0 0 0
9.00 36 34 45 0 0.00 0.00 35 0 0 0
9.00 36 34 45 0 0.00 0.00 35 0 0 0
9.00 36 34 45 0 0.00 0.00 35 0 0 0
9.00 35 34 45 0 0.00 0.00 34 0 0 0
11.00 36 34 45 0 0.00 0.00 35 0 0 0
9.00 36 34 45 0 0.00 0.00 35 0 0 0
9.00 36 35 45 0 0.00 0.00 35 0 0 0
9.00 36 35 45 0 0.00 0.00 35 0 0 0
10.00 35 35 45 0 0.00 0.00 35 0 0 0
10.00 36 34 45 0 0.00 0.00 35 0 0 0
9.00 36 34 45 0 0.00 0.00 35 0 0 0
9.00 36 34 45 0 0.00 0.00 35 0 0 0
9.00 36 34 45 0 0.00 0.00 35 0 0 0
11.00 36 34 45 0 0.00 0.00 35 0 0 0
9.00 36 34 45 0 0.00 0.00 35 0 0 0
9.00 36 35 45 0 0.00 0.00 35 0 0 0
9.00 35 34 45 0 0.00 0.00 34 0 0 0
10.00 35 34 45 0 0.00 0.00 34 0 0 0
10.00 35 34 45 0 0.00 0.00 34 0 0 0
9.00 35 34 45 0 0.00 0.00 34 0 0 0
9.00 36 35 45 0 0.00 0.00 35 0 0 0
9.00 35 34 45 0 0.00 0.00 34 0 0 0
11.00 35 34 45 0 0.00 0.00 34 0 0 0
9.00 35 34 45 0 0.00 0.00 34 0 0 0
9.00 35 34 45 0 0.00 0.00 34 0 0 0
9.00 36 35 45 0 0.00 0.00 35 0 0 0
10.00 35 34 45 0 0.00 0.00 34 0 0 0
10.00 35 34 45 0 0.00 0.00 34 0 0 0
9.00 35 34 45 0 0.00 0.00 34 0 0 0
9.00 35 34 45 0 0.00 0.00 34 0 0 0
9.00 35 34 45 0 0.00 0.00 34 0 0 0
11.00 35 34 45 0 0.00 0.00 34 0 0 0
9.00 35 34 45 0 0.00 0.00 34 0 0 0
9.00 35 34 45 0 0.00 0.00 34 0 0 0
9.00 36 34 45 0 0.00 0.00 35 0 0 0
10.00 36 34 45 0 0.00 0.00 35 0 0 0
10.00 36 34 45 0 0.00 0.00 35 0 0 0
9.00 35 35 45 0 0.00 0.00 35 0 0 0
9.00 35 34 45 0 0.00 0.00 34 0 0 0
9.00 36 35 45 0 0.00 0.00 35 0 0 0
11.00 35 34 45 0 0.00 0.00 34 0 0 0
9.00 35 34 45 0 0.00 0.00 34 0 0 0
9.00 35 34 45 0 0.00 0.00 34 0 0 0
9.00 35 34 45 0 0.00 0.00 34 0 0 0
10.00 35 34 45 0 0.00 0.00 34 0 0 0
10.00 35 34 45 0 0.00 0.00 34 0 0 0
9.00 35 34 45 0 0.00 0.00 34 0 0 0
9.00 35 34 45 0 0.00 0.00 34 0 0 0
10.00 35 34 45 0 0.00 0.00 34 0 0 0
10.00 35 34 45 0 0.00 0.00 34 0 0 0
9.00 35 34 45 0 0.00 0.00 34 0 0 0
9.00 35 34 45 0 0.00 0.00 34 0 0 0
10.00 35 34 45 0 0.00 0.00 34 0 0 0
10.00 35 34 45 0 0.00 0.00 34 0 0 0
9.00 35 34 45 0 0.00 0.00 34 0 0 0
10.00 35 34 45 0 0.00 0.00 34 0 0 0
9.00 35 34 45 0 0.00 0.00 34 0 0 0
9.00 34 34 45 0 0.00 0.00 34 0 0 0
10.00 34 34 45 0 0.00 0.00 34 0 0 0
10.00 34 33 45 0 0.00 0.00 33 0 0 0
9.00 33 33 45 0 0.00 0.00 33 0 0 0
9.00 34 33 45 0 0.00 0.00 33 0 0 0
10.00 34 33 45 0 0.00 0.00 33 0 0 0
10.00 34 34 45 0 0.00 0.00 34 0 0 0
9.00 34 33 45 0 0.00 0.00 33 0 0 0
9.00 33 33 45 0 0.00 0.00 33 0 0 0
9.00 34 33 45 0 0.00 0.00 33 0 0 0
10.00 34 33 45 0 0.00 0.00 33 0 0 0
10.00 33 33 45 0 0.00 0.00 33 0 0 0
9.00 33 33 45 0 0.00 0.00 33 0 0 0
9.00 33 33 45 0 0.00 0.00 33 0 0 0
11.00 33 33 45 0 0.00 0.00 33 0 0 0
9.00 33 33 45 0 0.00 0.00 33 0 0 0
9.00 33 33 45 0 0.00 0.00 33 0 0 0
9.00 33 33 45 0 0.00 0.00 33 0 0 0
9.00 33 33 45 0 0.00 0.00 33 0 0 0
11.00 33 32 45 0 0.00 0.00 32 0 0 0
9.00 33 33 45 0 0.00 0.00 33 0 0 0
9.00 33 33 45 0 0.00 0.00 33 0 0 0
9.00 33 32 45 0 0.00 0.00 32 0 0 0
10.00 33 32 45 0 0.00 0.00 32 0 0 0
10.00 32 32 45 0 0.00 0.00 32 0 0 0
9.00 33 32 45 0 0.00 0.00 32 0 0 0
9.00 33 33 45 0 0.00 0.00 33 0 0 0
9.00 33 32 45 0 0.00 0.00 32 0 0 0
11.00 32 32 45 0 0.00 0.00 32 0 0 0
9.00 32 32 45 0 0.00 0.00 32 0 0 0
9.00 32 32 45 0 0.00 0.00 32 0 0 0
9.00 32 32 45 0 0.00 0.00 32 0 0 0
10.00 32 32 45 0 0.00 0.00 32 0 0 0
10.00 33 32 45 0 0.00 0.00 32 0 0 0
9.00 32 32 45 0 0.00 0.00 32 0 0 0
9.00 32 32 45 0 0.00 0.00 32 0 0 0
9.00 32 32 45 0 0.00 0.00 32 0 0 0
11.00 33 32 45 0 0.00 0.00 32 0 0 0
9.00 32 32 45 0 0.00 0.00 32 0 0 0
9.00 32 32 45 0 0.00 0.00 32 0 0 0
9.00 32 32 45 0 0.00 0.00 32 0 0 0
10.00 32 32 45 0 0.00 0.00 32 0 0 0
10.00 32 32 45 0 0.00 0.00 32 0 0 0
9.00 32 32 45 0 0.00 0.00 32 0 0 0
9.00 32 32 45 0 0.00 0.00 32 0 0 0
9.00 32 32 45 0 0.00 0.00 32 0 0 0
11.00 32 32 45 0 0.00 0.00 32 0 0 0
9.00 32 32 45 0 0.00 0.00 32 0 0 0
9.00 32 32 45 0 0.00 0.00 32 0 0 0
9.00 32 32 45 0 0.00 0.00 32 0 0 0
10.00 32 32 45 0 0.00 0.00 32 0 0 0
10.00 32 31 45 0 0.00 0.00 31 0 0 0
9.00 32 31 45 0 0.00 0.00 31 0 0 0
9.00 31 31 45 0 0.00 0.00 31 0 0 0
9.00 32 31 45 0 0.00 0.00 31 0 0 0
11.00 31 31 45 0 0.00 0.00 31 0 0 0
9.00 31 32 45 0 0.00 0.00 31 0 0 0
9.00 32 32 45 0 0.00 0.00 32 0 0 0
9.00 32 32 45 0 0.00 0.00 32 0 0 0
10.00 32 31 45 0 0.00 0.00 31 0 0 0
10.00 32 31 45 0 0.00 0.00 31 0 0 0
9.00 32 31 45 0 0.00 0.00 31 0 0 0
9.00 32 32 45 0 0.00 0.00 32 0 0 0
10.00 32 32 45 0 0.00 0.00 32 0 0 0
10.00 32 31 45 0 0.00 0.00 31 0 0 0
9.00 32 31 45 0 0.00 0.00 31 0 0 0
9.00 32 31 45 0 0.00 0.00 31 0 0 0
10.00 32 31 45 0 0.00 0.00 31 0 0 0
10.00 32 31 45 0 0.00 0.00 31 0 0 0
9.00 32 31 45 0 0.00 0.00 31 0 0 0
10.00 32 32 45 0 0.00 0.00 32 0 0 0
9.00 32 31 45 0 0.00 0.00 31 0 0 0
9.00 31 31 45 0 0.00 0.00 31 0 0 0
10.00 32 31 45 0 0.00 0.00 31 0 0 0
10.00 31 31 45 0 0.00 0.00 31 0 0 0
9.00 31 31 45 0 0.00 0.00 31 0 0 0
9.00 31 32 45 0 0.00 0.00 31 0 0 0
10.00 31 31 45 0 0.00 0.00 31 0 0 0
10.00 32 31 45 0 0.00 0.00 31 0 0 0
9.00 31 32 45 0 0.00 0.00 31 0 0 0
9.00 32 31 45 0 0.00 0.00 31 0 0 0
9.00 31 31 45 0 0.00 0.00 31 0 0 0
10.00 32 31 45 0 0.00 0.00 31 0 0 0
10.00 31 31 45 0 0.00 0.00 31 0 0 0
9.00 31 31 45 0 0.00 0.00 31 0 0 0
9.00 31 31 45 0 0.00 0.00 31 0 0 0
11.00 31 31 45 0 0.00 0.00 31 0 0 0
9.00 31 31 45 0 0.00 0.00 31 0 0 0
9.00 31 31 45 0 0.00 0.00 31 0 0 0
9.00 31 31 45 0 0.00 0.00 31 0 0 0
9.00 31 31 45 0 0.00 0.00 31 0 0 0
10.00 31 31 45 0 0.00 0.00 31 0 0 0
10.00 31 31 45 0 0.00 0.00 31 0 0 0
9.00 31 31 45 0 0.00 0.00 31 0 0 0
9.00 31 30 45 0 0.00 0.00 30 0 0 0
11.00 30 30 45 0 0.00 0.00 30 0 0 0
9.00 30 30 45 0 0.00 0.00 30 0 0 0
9.00 31 30 45 0 0.00 0.00 30 0 0 0
9.00 31 30 45 0 0.00 0.00 30 0 0 0
9.00 30 30 45 0 0.00 0.00 30 0 0 0
11.00 30 30 45 0 0.00 0.00 30 0 0 0
9.00 30 30 45 0 0.00 0.00 30 0 0 0
9.00 30 31 45 0 0.00 0.00 30 0 0 0
9.00 30 30 45 0 0.00 0.00 30 0 0 0
10.00 30 30 45 0 0.00 0.00 30 0 0 0
10.00 30 30 45 0 0.00 0.00 30 0 0 0
9.00 30 30 45 0 0.00 0.00 30 0 0 0
9.00 30 30 45 0 0.00 0.00 30 0 0 0
9.00 30 30 45 0 0.00 0.00 30 0 0 0
11.00 30 30 45 0 0.00 0.00 30 0 0 0
9.00 30 29 45 0 0.00 0.00 29 0 0 0
9.00 30 30 45 0 0.00 0.00 30 0 0 0
9.00 29 30 45 0 0.00 0.00 29 0 0 0
10.00 29 29 45 0 0.00 0.00 29 0 0 0
10.00 30 29 45 0 0.00 0.00 29 0 0 0
9.00 29 29 45 0 0.00 0.00 29 0 0 0
9.00 30 29 45 0 0.00 0.00 29 0 0 0
9.00 29 29 45 0 0.00 0.00 29 0 0 0
11.00 29 29 45 0 0.00 0.00 29 0 0 0
9.00 29 29 45 0 0.00 0.00 29 0 0 0
9.00 30 29 45 0 0.00 0.00 29 0 0 0
9.00 29 29 45 0 0.00 0.00 29 0 0 0
9.00 30 29 45 0 0.00 0.00 29 0 0 0
11.00 29 29 45 0 0.00 0.00 29 0 0 0
9.00 29 29 45 0 0.00 0.00 29 0 0 0
9.00 29 29 45 0 0.00 0.00 29 0 0 0
9.00 28 29 45 0 0.00 0.00 28 0 0 0
10.00 29 29 45 0 0.00 0.00 29 0 0 0
10.00 28 28 45 0 0.00 0.00 28 0 0 0
9.00 28 29 45 0 0.00 0.00 28 0 0 0
9.00 29 29 45 0 0.00 0.00 29 0 0 0
9.00 29 28 45 0 0.00 0.00 28 0 0 0
11.00 28 28 45 0 0.00 0.00 28 0 0 0
9.00 28 28 45 0 0.00 0.00 28 0 0 0
9.00 28 28 45 0 0.00 0.00 28 0 0 0
9.00 28 28 45 0 0.00 0.00 28 0 0 0
10.00 28 28 45 0 0.00 0.00 28 0 0 0
10.00 28 28 45 0 0.00 0.00 28 0 0 0
9.00 28 28 45 0 0.00 0.00 28 0 0 0
9.00 28 28 45 0 0.00 0.00 28 0 0 0
9.00 28 28 45 0 0.00 0.00 28 0 0 0
11.00 27 28 45 0 0.00 0.00 27 0 0 0
9.00 28 28 45 0 0.00 0.00 28 0 0 0
9.00 28 28 45 0 0.00 0.00 28 0 0 0
9.00 27 28 45 0 0.00 0.00 27 0 0 0
10.00 27 27 45 0 0.00 0.00 27 0 0 0
10.00 27 27 45 0 0.00 0.00 27 0 0 0
9.00 27 28 45 0 0.00 0.00 27 0 0 0
9.00 27 28 45 0 0.00 0.00 27 0 0 0
9.00 28 27 45 0 0.00 0.00 27 0 0 0
11.00 27 27 45 0 0.00 0.00 27 0 0 0
9.00 27 27 45 0 0.00 0.00 27 0 0 0
9.00 27 27 45 0 0.00 0.00 27 0 0 0
9.00 27 27 45 0 0.00 0.00 27 0 0 0
10.00 27 27 45 0 0.00 0.00 27 0 0 0
10.00 27 27 45 0 0.00 0.00 27 0 0 0
9.00 26 27 45 0 0.00 0.00 26 0 0 0
9.00 27 27 45 0 0.00 0.00 27 0 0 0
9.00 27 26 45 0 0.00 0.00 26 0 0 0
11.00 26 26 45 0 0.00 0.00 26 0 0 0
9.00 27 26 45 0 0.00 0.00 26 0 0 0
9.00 26 27 45 0 0.00 0.00 26 0 0 0
9.00 26 26 45 0 0.00 0.00 26 0 0 0
10.00 27 26 45 0 0.00 0.00 26 0 0 0
10.00 27 26 45 0 0.00 0.00 26 0 0 0
9.00 26 26 45 0 0.00 0.00 26 0 0 0
9.00 26 26 45 0 0.00 0.00 26 0 0 0
10.00 26 26 45 0 0.00 0.00 26 0 0 0
10.00 26 25 45 0 0.00 0.00 25 0 0 0
9.00 26 26 45 0 0.00 0.00 26 0 0 0
9.00 26 25 45 0 0.00 0.00 25 0 0 0
10.00 25 25 45 0 0.00 0.00 25 0 0 0
10.00 26 26 45 0 0.00 0.00 26 0 0 0
9.00 26 25 45 0 0.00 0.00 25 0 0 0
10.00 25 25 45 0 0.00 0.00 25 0 0 0
9.00 26 25 45 0 0.00 0.00 25 0 0 0
9.00 26 25 45 0 0.00 0.00 25 0 0 0
10.00 26 25 45 0 0.00 0.00 25 0 0 0
10.00 26 25 45 0 0.00 0.00 25 0 0 0
9.00 26 25 45 0 0.00 0.00 25 0 0 0
9.00 25 25 45 0 0.00 0.00 25 0 0 0
10.00 25 25 45 0 0.00 0.00 25 0 0 0
10.00 26 25 45 0 0.00 0.00 25 0 0 0
9.00 26 25 45 0 0.00 0.00 25 0 0 0
9.00 25 24 45 0 0.00 0.00 24 0 0 0
9.00 26 25 45 0 0.00 0.00 25 0 0 0
10.00 25 25 45 0 0.00 0.00 25 0 0 0
10.00 25 25 45 0 0.00 0.00 25 0 0 0
9.00 24 24 45 0 0.00 0.00 24 0 0 0
9.00 24 24 45 0 0.00 0.00 24 0 0 0
11.00 25 24 45 0 0.00 0.00 24 0 0 0
9.00 25 24 45 0 0.00 0.00 24 0 0 0
9.00 25 24 45 0 0.00 0.00 24 0 0 0
9.00 24 24 45 0 0.00 0.00 24 0 0 0
9.00 24 24 45 0 0.00 0.00 24 0 0 0
11.00 24 24 45 0 0.00 0.00 24 0 0 0
9.00 24 24 45 0 0.00 0.00 24 0 0 0
9.00 24 24 45 0 0.00 0.00 24 0 0 0
9.00 24 24 45 0 0.00 0.00 24 0 0 0
10.00 24 24 45 0 0.00 0.00 24 0 0 0
10.00 24 23 45 0 0.00 0.00 23 0 0 0
9.00 24 24 45 0 0.00 0.00 24 0 0 0
9.00 24 24 45 0 0.00 0.00 24 0 0 0
9.00 24 24 45 0 0.00 0.00 24 0 0 0
11.00 24 24 45 0 0.00 0.00 24 0 0 0
9.00 23 23 45 0 0.00 0.00 23 0 0 0
9.00 23 23 45 0 0.00 0.00 23 0 0 0
9.00 24 23 45 0 0.00 0.00 23 0 0 0
10.00 24 23 45 0 0.00 0.00 23 0 0 0
10.00 23 23 45 0 0.00 0.00 23 0 0 0
9.00 24 23 45 0 0.00 0.00 23 0 0 0
9.00 24 23 45 0 0.00 0.00 23 0 0 0
9.00 24 23 45 0 0.00 0.00 23 0 0 0
11.00 24 23 45 0 0.00 0.00 23 0 0 0
9.00 24 23 45 0 0.00 0.00 23 0 0 0
9.00 23 23 45 0 0.00 0.00 23 0 0 0
9.00 23 23 45 0 0.00 0.00 23 0 0 0
10.00 23 23 45 0 0.00 0.00 23 0 0 0
10.00 23 22 45 0 0.00 0.00 22 0 0 0
9.00 23 22 45 0 0.00 0.00 22 0 0 0
9.00 23 22 45 0 0.00 0.00 22 0 0 0
9.00 23 23 45 0 0.00 0.00 23 0 0 0
11.00 23 22 45 0 0.00 0.00 22 0 0 0
9.00 23 22 45 0 0.00 0.00 22 0 0 0
9.00 23 22 45 0 0.00 0.00 22 0 0 0
9.00 22 22 45 0 0.00 0.00 22 0 0 0
10.00 23 22 45 0 0.00 0.00 22 0 0 0
10.00 22 22 45 0 0.00 0.00 22 0 0 0
9.00 22 22 45 0 0.00 0.00 22 0 0 0
9.00 23 22 45 0 0.00 0.00 22 0 0 0
9.00 22 22 45 0 0.00 0.00 22 0 0 0
11.00 22 21 45 0 0.00 0.00 21 0 0 0
9.00 22 21 45 0 0.00 0.00 21 0 0 0
9.00 22 22 45 0 0.00 0.00 22 0 0 0
9.00 22 22 45 0 0.00 0.00 22 0 0 0
10.00 22 22 45 0 0.00 0.00 22 0 0 0
10.00 22 21 45 0 0.00 0.00 21 0 0 0
9.00 22 21 45 0 0.00 0.00 21 0 0 0
9.00 22 21 45 0 0.00 0.00 21 0 0 0
10.00 22 21 45 0 0.00 0.00 21 0 0 0
10.00 22 21 45 0 0.00 0.00 21 0 0 0
9.00 21 21 45 0 0.00 0.00 21 0 0 0
9.00 21 21 45 0 0.00 0.00 21 0 0 0
10.00 22 21 45 0 0.00 0.00 21 0 0 0
10.00 21 21 45 0 0.00 0.00 21 0 0 0
9.00 21 21 45 0 0.00 0.00 21 0 0 0
10.00 21 21 45 0 0.00 0.00 21 0 0 0
9.00 22 20 45 0 0.00 0.00 21 0 0 0
9.00 21 20 45 0 0.00 0.00 20 0 0 0
10.00 22 20 45 0 0.00 0.00 21 0 0 0
10.00 22 21 45 0 0.00 0.00 21 0 0 0
9.00 21 21 45 0 0.00 0.00 21 0 0 0
9.00 21 21 45 0 0.00 0.00 21 0 0 0
10.00 21 20 45 0 0.00 0.00 20 0 0 0
10.00 21 20 45 0 0.00 0.00 20 0 0 0
9.00 21 20 45 0 0.00 0.00 20 0 0 0
9.00 21 20 45 0 0.00 0.00 20 0 0 0
9.00 21 20 45 0 0.00 0.00 20 0 0 0
10.00 21 20 45 0 0.00 0.00 20 0 0 0
10.00 20 20 45 0 0.00 0.00 20 0 0 0
9.00 20 20 45 0 0.00 0.00 20 0 0 0
9.00 21 20 45 0 0.00 0.00 20 0 0 0
11.00 20 19 45 0 0.00 0.00 19 0 0 0
9.00 20 20 45 0 0.00 0.00 20 0 0 0
9.00 19 20 45 0 0.00 0.00 19 0 0 0
9.00 19 19 45 0 0.00 0.00 19 0 0 0
9.00 20 19 45 0 0.00 0.00 19 0 0 0
10.00 20 19 45 0 0.00 0.00 19 0 0 0
10.00 19 19 45 0 0.00 0.00 19 0 0 0
9.00 19 19 45 0 0.00 0.00 19 0 0 0
9.00 19 19 45 0 0.00 0.00 19 0 0 0